700
110 366 164 316 143 560 250 227 335 311 386 361 26 76 601 8 11 614
533 306 646 357 428 223 631 504 650 672 284 140 667 276 213 576 664 123
677 207 202 518 13 310 14 454 50 544 519 572 427 622 643 538 151 627
150 330 358 239 259 325 212 327 686 367 308 47 373 377 502 178 78 255
159 434 389 37 480 629 156 80 2 149 507 397 29 148 228 423 145 662
541 111 272 102 96 561 636 441 105 85 270 555 548 596 495 609 415 652
520 644 356 363 579 246 528 616 381 200 114 41 69 295 324 266 385 38
9 387 109 604 6 107 33 362 517 535 167 279 657 120 79 439 593 336
516 449 412 529 36 465 500 189 337 577 523 698 378 172 550 181 530 106
417 30 408 496 401 365 693 286 320 565 634 331 633 668 169 532 676 271
411 22 98 531 56 16 680 347 108 642 566 175 671 478 679 514 380 445
54 31 195 309 24 218 188 32 233 183 694 90 44 540 214 430 191 474
489 659 157 597 154 697 525 501 341 60 158 70 648 251 321 416 197 113
312 277 451 438 134 620 92 393 670 224 546 527 280 53 10 621 575 368
473 328 240 549 339 42 34 27 608 591 209 61 12 68 607 592 598 406
522 422 554 112 19 340 296 322 429 234 618 660 390 615 484 170 534 586
136 359 472 558 174 91 452 348 603 606 192 133 243 421 619 72 557 297
139 21 635 559 124 5 374 314 569 470 208 360 88 318 146 349 426 52
15 623 333 81 147 71 161 332 425 588 584 285 101 414 287 568 282 582
494 475 275 235 510 128 585 3 355 477 493 649 542 116 399 242 651 194
77 100 536 171 511 55 383 298 661 564 499 658 407 17 469 654 491
444 453 39 118 317 125 505 130 467 334 638 388 217 625 303 89 689
274 249 342 376 431 97 244 563 462 319 556 460 62 456 190 187 344
185 656 18 173 186 645 166 521 573 589 641 553 539 315 201 46 666
180 216 293 63 371 269 86 236 168 396 35 138 675 580 599 437 440
699 74 82 413 231 291 281 346 354 587 498 605 552 610 450 612 343
210 503 436 258 551 338 182 230 420 483 632 617 669 461 137 578 323
602 476 219 237 135 283 392 457 165 345 404 65 67 326 391 464 545
40 594 583 611 292 329 543 665 103 225 28 121 653 379 463 488 305
455 119 278 25 241 398 199 547 264 590 571 370 267 433 64 43 59
20 443 663 364 351 126 84 176 481 301 508 238 506 640 628 7 142
122 512 254 104 466 526 409 95 353 294 567 405 1 624 307 684 418
94 49 260 700 446 402 485 497 524 682 220 479 141 490 290 458 600
261 215 226 581 273 313 83 647 692 193 468 395 513 300 639 302 211
432 683 394 179 160 678 696 288 459 253 448 435 375 245 23 691 352
690 87 155 424 626 45 482 595 257 304 162 509 131 248 574 492 486
688 229 132 419 372 613 252 66 221 198 673 289 442 630 222 681 58
93 247 403 562 206 99 687 537 57 262 265 350 637 674 685 400 256
570 144 204 115 299 177 203 152 163 205 75 196 129 410 73 184 4
382 127 48 263 447 268 515 232 695 153 369 117 384 471 487 655 51
